{'mean_score': 0.4029552271969781, 'mean_steps': 88.32340851016554,
'score_evolution': {1000: 0.576, 2000: 0.624, 3000: 0.736, 4000: 0.624, 5000: 0.68, 6000: 0.698, 7000: 0.722, 8000: 0.718, 9000: 0.482},
'step_history': {1000: 99.095, 2000: 97.5905, 3000: 96.477, 4000: 94.489, 5000: 92.416, 6000: 90.7235, 7000: 89.27442857142857, 8000: 88.549125, 9000: 88.32022222222223},
'params': {'gamma': 0.999, 'start_epsilon': 1.0,
'end_epsilon': 1e-05, 'alpha': 0.001, 'nb_iter': 9001, 'max_replay_size': 64, 'batch_size': 16, 'activation': 'softmax'}}